TRIAL Obstacle: (1.0 -0.5 .1, .3) Workspace (0 1 on all joints) From 0 to 0.5

   0         0         0         0         0         0         0
    0.0039    0.0044    0.0052   -0.0032    0.0060    0.0036    0.0041
    0.0068    0.0087    0.0093   -0.0044    0.0114    0.0077    0.0084
    0.0091    0.0129    0.0125   -0.0038    0.0163    0.0123    0.0130
    0.0110    0.0167    0.0150   -0.0017    0.0210    0.0170    0.0178
    0.0127    0.0203    0.0169    0.0015    0.0255    0.0218    0.0227
    0.0143    0.0234    0.0183    0.0057    0.0299    0.0265    0.0277
    0.0162    0.0261    0.0195    0.0105    0.0346    0.0310    0.0327
    0.0186    0.0283    0.0204    0.0156    0.0394    0.0349    0.0377
    0.0216    0.0299    0.0214    0.0207    0.0448    0.0382    0.0427
    0.0254    0.0309    0.0225    0.0256    0.0507    0.0407    0.0476
    0.0303    0.0312    0.0239    0.0300    0.0572    0.0423    0.0524
    0.0359    0.0314    0.0258    0.0338    0.0638    0.0432    0.0571
    0.0416    0.0320    0.0284    0.0368    0.0700    0.0437    0.0618
    0.0470    0.0335    0.0319    0.0391    0.0753    0.0440    0.0664
    0.0517    0.0365    0.0364    0.0404    0.0789    0.0444    0.0712
    0.0553    0.0412    0.0421    0.0409    0.0807    0.0451    0.0761
    0.0579    0.0473    0.0484    0.0408    0.0811    0.0461    0.0812
    0.0599    0.0539    0.0545    0.0404    0.0812    0.0473    0.0865
    0.0615    0.0604    0.0596    0.0403    0.0818    0.0485    0.0922
    0.0630    0.0661    0.0631    0.0408    0.0838    0.0498    0.0982
    0.0647    0.0704    0.0644    0.0421    0.0878    0.0510    0.1046
    0.0662    0.0737    0.0640    0.0442    0.0934    0.0521    0.1113
    0.0675    0.0766    0.0628    0.0468    0.1000    0.0532    0.1181
    0.0681    0.0797    0.0614    0.0497    0.1069    0.0545    0.1249
    0.0679    0.0835    0.0607    0.0527    0.1135    0.0561    0.1314
    0.0668    0.0884    0.0611    0.0557    0.1193    0.0578    0.1377
    0.0653    0.0940    0.0624    0.0587    0.1245    0.0596    0.1435
    0.0643    0.0997    0.0642    0.0619    0.1295    0.0614    0.1490
    0.0644    0.1049    0.0658    0.0656    0.1346    0.0628    0.1541
    0.0665    0.1090    0.0669    0.0698    0.1401    0.0637    0.1587
    0.0710    0.1117    0.0671    0.0747    0.1464    0.0640    0.1629
    0.0772    0.1136    0.0667    0.0798    0.1529    0.0641    0.1666
    0.0838    0.1154    0.0663    0.0846    0.1591    0.0648    0.1698
    0.0898    0.1182    0.0663    0.0885    0.1645    0.0665    0.1726
    0.0942    0.1227    0.0674    0.0909    0.1685    0.0700    0.1748
    0.0961    0.1294    0.0698    0.0916    0.1706    0.0754    0.1767
    0.0958    0.1375    0.0732    0.0913    0.1712    0.0821    0.1785
    0.0942    0.1456    0.0772    0.0909    0.1707    0.0889    0.1807
    0.0919    0.1524    0.0814    0.0916    0.1696    0.0948    0.1837
    0.0895    0.1566    0.0853    0.0941    0.1683    0.0985    0.1881
    0.0878    0.1575    0.0886    0.0993    0.1672    0.0996    0.1941
    0.0866    0.1559    0.0910    0.1064    0.1666    0.0989    0.2012
    0.0859    0.1533    0.0926    0.1144    0.1667    0.0977    0.2087
    0.0855    0.1510    0.0934    0.1223    0.1678    0.0974    0.2158
    0.0854    0.1506    0.0934    0.1292    0.1702    0.0994    0.2220
    0.0854    0.1529    0.0925    0.1343    0.1738    0.1045    0.2265
    0.0853    0.1576    0.0914    0.1379    0.1781    0.1118    0.2296
    0.0849    0.1640    0.0907    0.1405    0.1823    0.1197    0.2314
    0.0842    0.1714    0.0909    0.1427    0.1854    0.1269    0.2323
    0.0828    0.1789    0.0928    0.1450    0.1867    0.1319    0.2323
    0.0809    0.1861    0.0968    0.1479    0.1856    0.1337    0.2319
    0.0786    0.1929    0.1024    0.1512    0.1830    0.1329    0.2313
    0.0766    0.1994    0.1089    0.1548    0.1797    0.1305    0.2308
    0.0754    0.2060    0.1158    0.1583    0.1769    0.1277    0.2308
    0.0755    0.2127    0.1223    0.1616    0.1756    0.1256    0.2316
    0.0772    0.2196    0.1280    0.1645    0.1765    0.1248    0.2333
    0.0800    0.2267    0.1329    0.1670    0.1796    0.1256    0.2356
    0.0832    0.2337    0.1369    0.1695    0.1841    0.1278    0.2377
    0.0860    0.2404    0.1404    0.1721    0.1898    0.1313    0.2391
    0.0878    0.2465    0.1433    0.1749    0.1961    0.1358    0.2391
    0.0882    0.2521    0.1459    0.1781    0.2026    0.1413    0.2374
    0.0874    0.2570    0.1480    0.1818    0.2088    0.1472    0.2347
    0.0861    0.2614    0.1496    0.1861    0.2146    0.1529    0.2322
    0.0850    0.2656    0.1509    0.1908    0.2194    0.1579    0.2310
    0.0846    0.2695    0.1517    0.1962    0.2230    0.1616    0.2321
    0.0854    0.2734    0.1521    0.2021    0.2250    0.1637    0.2362
    0.0872    0.2774    0.1525    0.2085    0.2258    0.1647    0.2424
    0.0897    0.2814    0.1530    0.2152    0.2254    0.1652    0.2495
    0.0924    0.2857    0.1540    0.2220    0.2243    0.1662    0.2562
    0.0950    0.2903    0.1559    0.2287    0.2226    0.1681    0.2612
    0.0972    0.2952    0.1588    0.2352    0.2206    0.1717    0.2635
    0.0990    0.3005    0.1623    0.2413    0.2189    0.1767    0.2638
    0.1004    0.3060    0.1659    0.2469    0.2181    0.1828    0.2630
    0.1014    0.3115    0.1688    0.2517    0.2188    0.1894    0.2621
    0.1021    0.3170    0.1706    0.2556    0.2215    0.1963    0.2620
    0.1025    0.3225    0.1708    0.2585    0.2265    0.2031    0.2633
    0.1026    0.3277    0.1703    0.2607    0.2330    0.2096    0.2656
    0.1026    0.3326    0.1698    0.2623    0.2398    0.2159    0.2680
    0.1023    0.3371    0.1703    0.2638    0.2457    0.2218    0.2697
    0.1020    0.3411    0.1727    0.2654    0.2496    0.2273    0.2699
    0.1015    0.3447    0.1776    0.2673    0.2506    0.2324    0.2680
    0.1014    0.3479    0.1844    0.2693    0.2493    0.2372    0.2646
    0.1017    0.3512    0.1923    0.2712    0.2466    0.2419    0.2608
    0.1029    0.3548    0.2003    0.2726    0.2434    0.2469    0.2576
    0.1053    0.3589    0.2074    0.2733    0.2407    0.2524    0.2558
    0.1091    0.3637    0.2131    0.2732    0.2392    0.2584    0.2562
    0.1139    0.3689    0.2174    0.2727    0.2391    0.2648    0.2582
    0.1193    0.3740    0.2208    0.2725    0.2403    0.2712    0.2610
    0.1247    0.3783    0.2236    0.2733    0.2427    0.2772    0.2637
    0.1297    0.3815    0.2263    0.2758    0.2465    0.2825    0.2654
    0.1340    0.3831    0.2291    0.2804    0.2513    0.2868    0.2655
    0.1380    0.3836    0.2319    0.2865    0.2569    0.2900    0.2644
    0.1424    0.3835    0.2343    0.2935    0.2624    0.2922    0.2625
    0.1476    0.3835    0.2363    0.3006    0.2674    0.2934    0.2605
    0.1544    0.3841    0.2374    0.3071    0.2714    0.2936    0.2589
    0.1630    0.3857    0.2375    0.3122    0.2738    0.2929    0.2580
    0.1728    0.3884    0.2369    0.3159    0.2753    0.2916    0.2576
    0.1826    0.3919    0.2358    0.3181    0.2766    0.2903    0.2570
    0.1915    0.3960    0.2346    0.3186    0.2784    0.2894    0.2559
    0.1985    0.4007    0.2334    0.3174    0.2817    0.2892    0.2536
    0.2029    0.4057    0.2327    0.3146    0.2868    0.2902    0.2500
    0.2052    0.4106    0.2326    0.3109    0.2934    0.2924    0.2458
    0.2064    0.4152    0.2334    0.3071    0.3011    0.2956    0.2421
    0.2076    0.4191    0.2352    0.3041    0.3092    0.2998    0.2399
    0.2096    0.4219    0.2382    0.3027    0.3173    0.3048    0.2403
    0.2131    0.4234    0.2424    0.3036    0.3247    0.3106    0.2439
    0.2171    0.4241    0.2474    0.3062    0.3310    0.3166    0.2497
    0.2203    0.4243    0.2523    0.3097    0.3354    0.3223    0.2564
    0.2216    0.4246    0.2565    0.3133    0.3375    0.3273    0.2626
    0.2196    0.4254    0.2591    0.3163    0.3365    0.3311    0.2668
    0.2138    0.4273    0.2600    0.3183    0.3325    0.3334    0.2684
    0.2067    0.4303    0.2606    0.3202    0.3271    0.3353    0.2689
    0.2017    0.4344    0.2630    0.3234    0.3225    0.3382    0.2706
    0.2021    0.4397    0.2693    0.3294    0.3209    0.3433    0.2756
    0.2110    0.4463    0.2813    0.3395    0.3247    0.3522    0.2862
    0.2319    0.4543    0.3013    0.3551    0.3359    0.3662    0.3045
    0.2679    0.4635    0.3311    0.3775    0.3569    0.3866    0.3329
    0.3224    0.4742    0.3728    0.4082    0.3897    0.4148    0.3734
    0.3987    0.4864    0.4284    0.4486    0.4367    0.4521    0.4284
    0.5000    0.5000    0.5000    0.5000    0.5000    0.5000    0.5000



